-0.004361235070973635 -0.01387453731149435 
-0.08038820326328278 -0.02150185965001583 
-0.00888780690729618 0.004422661382704973 
0.006702574901282787 0.004406054504215717 
0.014521915465593338 0.04179384931921959 
0.018933510407805443 0.022150203585624695 
0.025583667680621147 -0.016417337581515312 
-0.030187079682946205 -0.058424100279808044 
0.034372519701719284 0.0720856785774231 
-0.14515739679336548 -0.08153604716062546 
0.0075412532314658165 -0.05542005971074104 
0.050351206213235855 -0.01734215021133423 
0.04650213196873665 0.058365557342767715 
0.0732988715171814 0.08023941516876221 
-0.05156656727194786 -0.029542889446020126 
0.010733983479440212 0.012128404341638088 
0.0360603965818882 0.03860814869403839 
0.06534106284379959 0.041309285908937454 
0.05583830177783966 0.03278244286775589 
0.028886912390589714 0.023747071623802185 
0.0980687364935875 0.05276239663362503 
0.04403221607208252 0.05132170766592026 
-0.03336024656891823 -0.024062030017375946 
-0.012948478572070599 -0.07584311068058014 
0.013252709060907364 -0.05384189262986183 
-0.016160715371370316 -0.05610811710357666 
0.04461891949176788 0.045857448130846024 
0.03477706387639046 0.07303240150213242 
0.10435711592435837 0.05460548773407936 
0.09049221128225327 0.03904793784022331 
0.028784433379769325 0.08848336338996887 
0.01205629762262106 0.07184173166751862 
-0.025967948138713837 0.09267695993185043 
-0.0044924551621079445 0.033332038670778275 
-0.02070407010614872 0.04423929750919342 
0.10638116300106049 0.03473271429538727 
0.038407325744628906 -0.023563656955957413 
0.08128178119659424 0.004513898864388466 
0.015459716320037842 -0.014794557355344296 
0.02072134241461754 -0.02091074548661709 
0.0025104067754000425 0.013660547323524952 
0.05297641456127167 -0.045910630375146866 
-0.025332989171147346 0.003038686467334628 
0.02647433616220951 -0.057239457964897156 
-0.05644931644201279 -0.03715869039297104 
-0.12184248864650726 -0.04434168338775635 
-0.0029872125014662743 0.015508003532886505 
0.00022167828865349293 -0.07599090039730072 
-0.05979692563414574 -0.038258180022239685 
-0.0481138676404953 -0.046808872371912 
-0.040357451885938644 -0.02676679752767086 
-0.07058961689472198 -0.04057839885354042 
-0.08836649358272552 -0.0740913599729538 
-0.05731867253780365 -0.05948611721396446 
0.02923671156167984 0.01593797840178013 
-0.02871064469218254 0.04850246384739876 
0.022321969270706177 0.06734015047550201 
0.021598229184746742 0.032656945288181305 
0.01732013188302517 0.054069627076387405 
0.11480079591274261 0.028427619487047195 
0.06987510621547699 0.0027524055913090706 
0.07281772792339325 0.04023367911577225 
0.06361982971429825 0.10433989763259888 
0.03025439940392971 0.11556418985128403 
0.02491239458322525 0.0800209641456604 
0.05862303078174591 0.1255577653646469 
0.008142863400280476 -0.09263914823532104 
0.04908199980854988 -0.092647984623909 
0.07127201557159424 -0.08470308780670166 
0.0829721987247467 -0.017116878181695938 
0.038760967552661896 -0.08809773623943329 
0.05797135457396507 -0.12196751683950424 
0.04916831851005554 -0.1043526828289032 
0.057875875383615494 -0.08801798522472382 
-0.004042870830744505 -0.07649636268615723 
0.07858218997716904 -0.0898205041885376 
0.06566549837589264 -0.10921730846166611 
0.008172950707376003 -0.049291856586933136 
0.03823856636881828 -0.03943397477269173 
0.053219739347696304 0.023413578048348427 
0.005312825553119183 0.035764530301094055 
-0.024226341396570206 0.0272319745272398 
-0.026792440563440323 -0.018557026982307434 
-0.07946152985095978 0.03796815499663353 
-0.025943303480744362 0.04983872175216675 
-0.0820138081908226 0.07268984615802765 
-0.09480743110179901 0.04893341287970543 
-0.03332212194800377 0.06716534495353699 
-0.04425528645515442 0.056156184524297714 
0.06394153833389282 0.013796957209706306 
0.004845551680773497 0.052559830248355865 
0.007890644483268261 0.0730789452791214 
0.05226948857307434 0.11913734674453735 
-0.026750940829515457 0.043046243488788605 
-0.05108344182372093 0.03664422035217285 
-0.020516235381364822 0.017477136105298996 
-0.01332082599401474 -0.01987460069358349 
-0.040811844170093536 0.047494642436504364 
-0.011185426265001297 0.02195056341588497 
0.01767420582473278 0.02094312757253647 
-0.007697373628616333 0.023885013535618782 
0.005388336256146431 -0.023766973987221718 
-0.032786235213279724 0.05070092901587486 
0.0499117337167263 -0.022246818989515305 
0.03412073850631714 -0.01121407002210617 
0.026083702221512794 -0.035339485853910446 
0.036720480769872665 0.016743239015340805 
0.058770760893821716 0.030340468510985374 
0.07976650446653366 0.08157943934202194 
-0.009347141720354557 0.021631963551044464 
0.027968529611825943 -0.05076088383793831 
0.07806665450334549 0.020503398030996323 
0.05032375454902649 0.0758727639913559 
0.05783822387456894 0.053406331688165665 
-0.007987949065864086 0.0599600188434124 
0.04710647836327553 0.010687388479709625 
0.08393851667642593 -0.00789539236575365 
0.014769700355827808 -0.0314108245074749 
0.09127966314554214 -0.03332654759287834 
0.0972336083650589 0.010318659245967865 
0.0725385919213295 0.01704692281782627 
0.07923245429992676 0.00282065337523818 
0.07770033180713654 0.05155447870492935 
0.09556987881660461 0.009242402389645576 
0.09685242176055908 0.044479720294475555 
-0.055589865893125534 0.012254832312464714 
0.02060733735561371 -0.07064175605773926 
0.052172549068927765 -0.06667160242795944 
0.044553887099027634 -0.0670635923743248 
0.08000289648771286 -0.11533588916063309 
0.07012566179037094 -0.029854627326130867 
0.06463635712862015 -0.07051953673362732 
0.04811221361160278 0.03897229954600334 
0.1117304116487503 0.0011274281423538923 
-0.05136478319764137 -0.03486117720603943 
0.07562565803527832 -0.005274707451462746 
0.060096967965364456 -0.061112817376852036 
0.06326166540384293 -0.0016481869388371706 
0.04298020526766777 -0.03994940221309662 
0.0337488129734993 -0.0012605920201167464 
0.08352101594209671 -0.031018150970339775 
0.020568007603287697 -0.04313182830810547 
0.02967720665037632 -0.04529072344303131 
0.04054051265120506 0.0055240304209291935 
0.09625553339719772 0.05265570431947708 
0.05784672871232033 -0.013245366513729095 
0.03347350284457207 -0.06580141931772232 
0.00393050629645586 -0.0773439109325409 
-0.02664041891694069 -0.07838689535856247 
-0.020612157881259918 -0.01073761098086834 
-0.00887357722967863 -0.05317503958940506 
0.020163388922810555 -0.02316572144627571 
0.08172161877155304 0.011047382839024067 
0.08141395449638367 -0.01804262399673462 
0.010196326300501823 0.0542425736784935 
-0.04162772744894028 0.07686631381511688 
0.03871108964085579 0.03386041522026062 
-0.06166454032063484 0.0034942920319736004 
-0.05289456620812416 -0.0039514219388365746 
-0.0732765942811966 -0.0014096488012000918 
-0.04702991247177124 -0.04122215881943703 
-0.024410687386989594 0.08013715595006943 
-0.03276795893907547 0.022473109886050224 
-0.054518260061740875 0.006796321365982294 
-0.051393963396549225 0.06941555440425873 
-0.02224881760776043 0.0117791211232543 
0.023054301738739014 -0.037904709577560425 
0.015487357042729855 -0.039347197860479355 
-0.07091737538576126 0.01184242032468319 
-0.06939765065908432 0.020971136167645454 
-0.015023804269731045 -0.019601136445999146 
-0.04018741846084595 -0.008671537972986698 
0.04052528738975525 0.020910440012812614 
0.0054395743645727634 -0.007131832651793957 
-0.04111605882644653 -0.017211085185408592 
-0.0168708935379982 -0.031010931357741356 
-0.02539513260126114 -0.025777563452720642 
-0.013966875150799751 -0.033421628177165985 
-0.01082419790327549 -0.0368221215903759 
0.019253268837928772 -0.03127824887633324 
-0.0003886328195221722 -0.03790837153792381 
0.03148559108376503 -0.03295466676354408 
0.0361197367310524 -0.0585404634475708 
-0.009155303239822388 -0.043115220963954926 
0.03622720018029213 -0.031009621918201447 
0.01567196659743786 -0.020465662702918053 
0.04014011099934578 -0.027267465367913246 
0.09062985330820084 -0.0402781181037426 
0.08907369524240494 -0.034173913300037384 
0.07647329568862915 -0.03505117818713188 
-0.1325681507587433 -0.035811152309179306 
-0.07189933210611343 -0.0007837004959583282 
-0.032690685242414474 -0.08787257224321365 
0.040363818407058716 -0.04933128133416176 
-0.04082069173455238 0.0029985825531184673 
-0.021705197170376778 0.033768750727176666 
0.0013644028222188354 -0.05320308357477188 
-0.08257944136857986 -0.07624941319227219 
-0.015811456367373466 -0.04702107235789299 
-0.002480811905115843 -0.07078780978918076 
-0.037532296031713486 -0.05704221874475479 
-0.021555818617343903 -0.05587313324213028 
0.07038561999797821 -0.08173197507858276 
0.031624626368284225 -0.0763373002409935 
0.010738810524344444 -0.06342435628175735 
-0.05648000165820122 -0.08881034702062607 
0.040664900094270706 -0.002997415140271187 
-0.015225013718008995 -0.009371974505484104 
0.028242070227861404 0.028712347149848938 
-0.048900701105594635 -0.08316715061664581 
-0.053163908421993256 -0.06318146735429764 
-0.0688110888004303 0.01939750276505947 
-0.03079834207892418 -0.041070472449064255 
-0.03490505367517471 -0.009633542038500309 
-0.01942547969520092 -0.008012788370251656 
-0.16604436933994293 0.04419471696019173 
-0.2009226679801941 0.036634769290685654 
-0.19065052270889282 0.047375455498695374 
-0.21452470123767853 0.03390665724873543 
-0.14001615345478058 -0.014841875061392784 
-0.16237299144268036 0.062111418694257736 
-0.16616296768188477 -0.014128247275948524 
-0.20207573473453522 0.06969019770622253 
-0.22932444512844086 0.01879056729376316 
-0.18915067613124847 0.0696500912308693 
-0.18586823344230652 0.05969430133700371 
-0.18854644894599915 0.09873803704977036 
-0.20505931973457336 0.023804355412721634 
-0.18588757514953613 0.018016237765550613 
-0.13046085834503174 0.007180267944931984 
-0.11409413069486618 0.028846949338912964 
-0.028077393770217896 -0.025508476421236992 
-0.07222986221313477 -0.02686700038611889 
-0.1430656611919403 0.028330082073807716 
-0.17309197783470154 -0.0005816619959659874 
-0.1920163929462433 0.05631070211529732 
-0.2247725874185562 0.032832399010658264 
-0.2488308995962143 0.061950813978910446 
-0.03748360276222229 -0.04014799743890762 
-0.041556812822818756 0.046891748905181885 
-0.2450428605079651 0.0568874254822731 
-0.05711721256375313 0.026319090276956558 
-0.22060233354568481 0.05532311275601387 
0.006626494228839874 -0.04715897515416145 
-0.03224620595574379 -0.048048295080661774 
-0.1505105048418045 0.06990759074687958 
-0.045734550803899765 -0.014495681039988995 
-0.03431941568851471 0.01003740169107914 
-0.02692388743162155 -0.03702381253242493 
-0.01774892769753933 -0.006920534651726484 
0.03872654587030411 -0.0055703031830489635 
-0.00042501886491663754 0.021681958809494972 
-0.03227038308978081 -0.01046268455684185 
0.00634158356115222 0.008576246909797192 
0.010327856987714767 -0.056332655251026154 
0.031528737396001816 -0.008551563136279583 
-0.1211242750287056 0.02386029064655304 
-0.03277907893061638 0.011019431054592133 
-0.05540110915899277 0.062470562756061554 
-0.11713898181915283 -0.009454433806240559 
0.03448598459362984 0.017315100878477097 
0.05863296985626221 -0.018971459940075874 
0.02824515663087368 0.02587589994072914 
0.041050732135772705 -0.002758863614872098 
0.046198103576898575 -0.01823013462126255 
-0.006434781942516565 0.02839125320315361 
-0.05665447190403938 -0.04904632270336151 
-0.04237673431634903 -0.053640514612197876 
-0.07252103090286255 -0.022698277607560158 
-0.05812995880842209 -0.06162731349468231 
-0.029574807733297348 -0.03534313663840294 
-0.009330167435109615 -0.035772040486335754 
-0.094521164894104 0.008943764492869377 
-0.03904743492603302 -0.008742842823266983 
-0.06929191946983337 -0.003548941807821393 
-0.06376539915800095 -0.033018022775650024 
-0.03926355764269829 0.05656801909208298 
0.0686599388718605 -0.01535148173570633 
-0.006136395037174225 -0.013629663735628128 
-0.025295892730355263 0.003990881145000458 
-0.049828194081783295 0.02621336095035076 
0.02989332191646099 0.03655416518449783 
0.003015202237293124 -0.009303785860538483 
-0.04189767315983772 -0.03113711066544056 
-0.022833004593849182 -0.05497986450791359 
-0.04786597192287445 -0.010136430151760578 
-0.02124008536338806 -0.03548028692603111 
-0.030190275982022285 -0.04767421633005142 
-0.0292606633156538 -0.08061997592449188 
-0.012177502736449242 -0.030140679329633713 
0.024073785170912743 -0.06409584730863571 
0.04791427403688431 -0.030292944982647896 
0.03266182169318199 0.012835412286221981 
0.01261602807790041 -0.07489316165447235 
0.0230695977807045 -0.0765230655670166 
0.021922802552580833 -0.008814064785838127 
0.05971115455031395 -0.009495336562395096 
-0.012957222759723663 -0.041818857192993164 
-0.013675341382622719 -0.0157619621604681 
0.018797261640429497 -0.007932586595416069 
-0.0277742687612772 -0.0704723671078682 
0.05241989344358444 0.044217176735401154 
0.03429803624749184 0.02953599952161312 
0.04605779051780701 0.01924549601972103 
-0.04492178186774254 -0.03170573711395264 
-0.03045613318681717 0.01517903059720993 
0.03966224938631058 0.04721320420503616 
-0.00554794492200017 0.0010305484756827354 
-0.06747456640005112 -0.018817221745848656 
0.05402262136340141 -0.031596437096595764 
-0.01770162768661976 -0.03994907811284065 
0.002134292619302869 -0.04002607986330986 
-0.01446074154227972 0.05789859965443611 
-0.022071179002523422 0.00971924513578415 
-0.05473966896533966 0.00013934090384282172 
0.1447102427482605 -0.042690426111221313 
0.027625706046819687 0.024385303258895874 
0.0033594747073948383 0.015333288349211216 
0.08344755321741104 -0.022816656157374382 
0.005656421650201082 -0.02885369583964348 
0.018816497176885605 0.005251242779195309 
0.011705727316439152 0.031234649941325188 
0.03370436653494835 0.01930706761777401 
0.015656720846891403 0.009007640182971954 
0.024247193709015846 -0.04003651440143585 
0.05091466009616852 0.004393519833683968 
-0.01638113148510456 0.04679502546787262 
0.08671137690544128 0.09643438458442688 
0.043636903166770935 -0.0018349916208535433 
0.0647033080458641 -0.030696703121066093 
0.05945471674203873 -0.04399741441011429 
0.02259008400142193 0.020136749371886253 
0.043470464646816254 -0.004842876456677914 
0.10795702040195465 0.024375971406698227 
-0.0032864194363355637 -0.00980395171791315 
0.05085781589150429 -0.013759227469563484 
0.05484185740351677 -0.02930304780602455 
0.05820292979478836 0.03272334858775139 
0.03270784020423889 0.023363595828413963 
0.049519870430231094 -0.005889161955565214 
0.030616510659456253 -0.020328838378190994 
-0.004306558519601822 -0.06098223850131035 
0.06921093910932541 0.012064219452440739 
-0.013521210290491581 -0.016074417158961296 
0.05557812750339508 0.006932126823812723 
0.057609155774116516 -0.07342449575662613 
0.056937918066978455 -0.06291840225458145 
0.03940441831946373 -0.05344659462571144 
0.044295839965343475 -0.03427048400044441 
0.06776181608438492 -0.08778654783964157 
0.06930338591337204 -0.013489512726664543 
0.030194105580449104 -0.05741354078054428 
0.01587483659386635 0.02231021597981453 
0.06459657102823257 0.020377887412905693 
0.027690516784787178 0.02539931610226631 
0.08979066461324692 0.02550489827990532 
0.10324981063604355 0.018586255609989166 
-0.05870714411139488 0.011159290559589863 
-0.014069878496229649 0.012715933844447136 
0.024140136316418648 -0.006906924769282341 
-0.01248178631067276 0.07468945533037186 
0.03913642838597298 0.06296423822641373 
0.07618138194084167 -0.007726185955107212 
-0.00576949305832386 -0.06111723184585571 
0.04312919080257416 0.0038348452653735876 
0.06591994315385818 -0.05956326797604561 
-0.006464015692472458 -0.06841985881328583 
-0.036104705184698105 -0.08928307145833969 
0.07032828032970428 0.07331908494234085 
0.0362728089094162 0.03502936288714409 
0.05900713428854942 0.0807037502527237 
0.06742546707391739 0.05085751786828041 
0.06976207345724106 0.009473844431340694 
0.027601759880781174 0.08700869977474213 
0.08266666531562805 0.1492793709039688 
0.12753687798976898 0.06307617574930191 
0.021173669025301933 0.04906139895319939 
0.04081742838025093 0.046643491834402084 
-0.00884538609534502 -0.0036626672372221947 
0.05711523815989494 0.0013156308559700847 
0.001494988682679832 0.035313013941049576 
0.010573044419288635 0.03195805475115776 
-0.007346751168370247 0.027175279334187508 
0.02382737025618553 0.05105987936258316 
-0.09789474308490753 -0.009938119910657406 
0.000620847218669951 0.03163442015647888 
0.03437108173966408 -0.016658490523695946 
0.10715211927890778 -0.01387864351272583 
-0.1709170788526535 -0.0826622024178505 
-0.10363472998142242 -0.06689111143350601 
-0.02949913777410984 0.018264567479491234 
0.0008892454206943512 -0.08407388627529144 
-0.07278618961572647 -0.04039963334798813 
0.05290433391928673 -0.06765259802341461 
0.03744831308722496 -0.031541094183921814 
0.012975950725376606 -0.11403591930866241 
0.0076021174900233746 -0.07887212932109833 
-0.06856567412614822 -0.05364510416984558 
0.10437209159135818 0.005725066177546978 
-0.11605008691549301 -0.05164540186524391 
0.09185503423213959 -0.08419884741306305 
-0.009813123382627964 -0.08414747565984726 
0.008743303827941418 0.03714848309755325 
-0.046530064195394516 -0.03578808531165123 
-0.07009827345609665 -0.03342224657535553 
0.00017098733223974705 -0.03646065294742584 
0.015493429265916348 -0.018512217327952385 
0.04706811532378197 -0.02655966393649578 
-0.0788533166050911 -0.06876639276742935 
-0.045248791575431824 -0.03498266264796257 
0.06498851627111435 -0.03131410479545593 
0.02268911711871624 -0.10553024709224701 
-0.14990592002868652 -0.060029108077287674 
0.09204909205436707 0.023412171751260757 
0.09154516458511353 -0.10895829647779465 
-0.10233519226312637 -0.0023781585041433573 
-0.04484100267291069 0.020337354391813278 
-0.12442250549793243 -0.014398190192878246 
0.10438913106918335 -0.027203300967812538 
0.02174217253923416 -0.020662184804677963 
-0.0889415368437767 -0.006326262839138508 
-0.011204412207007408 -0.039923325181007385 
-0.0025739409029483795 -0.01132174115628004 
-0.008914271369576454 -0.05551059916615486 
-0.04520242288708687 -0.06597840040922165 
-0.00634979922324419 0.028340892866253853 
-0.2395038902759552 0.03203459829092026 
-0.0952613577246666 0.05210631340742111 
0.019160645082592964 0.03288636729121208 
0.025642847642302513 -0.05510857701301575 
0.13380283117294312 -0.06417330354452133 
-0.0049020107835531235 -0.0385875441133976 
0.03725697100162506 -0.04610981047153473 
0.07381627708673477 -0.041959814727306366 
0.05720016732811928 -0.08908170461654663 
0.007247950881719589 -0.05983849987387657 
0.04357384517788887 0.11735019087791443 
-0.18997687101364136 0.06837039440870285 
-0.08166186511516571 0.02861304022371769 
0.05337689816951752 0.022000042721629143 
0.06853914260864258 0.03332036733627319 
-0.00020175357349216938 0.055132243782281876 
-0.08648072183132172 -0.017736036330461502 
0.05983377993106842 -0.01428777351975441 
-0.014130895026028156 -0.06518103182315826 
0.046408962458372116 -0.010873598046600819 
-0.15333455801010132 -0.029277516528964043 
-0.06020632013678551 -0.02632966637611389 
0.07783427834510803 0.017005637288093567 
0.028048133477568626 0.05412357300519943 
0.04653019830584526 0.06868685036897659 
-0.2288123369216919 0.04818526282906532 
-0.22002089023590088 0.035819340497255325 
0.07982383668422699 -0.10614410787820816 
0.05240188166499138 -0.06374190002679825 
0.06809317320585251 -0.07485221326351166 
-0.21045856177806854 0.013170686550438404 
-0.09050682187080383 0.006576237268745899 
0.054061394184827805 0.02771354652941227 
0.09154922515153885 0.038919609040021896 
-0.024177994579076767 0.019577831029891968 
-0.09931988269090652 -0.017623459920287132 
-0.028258105739951134 -0.08249508589506149 
-0.0037639166694134474 0.003212963230907917 
0.012618388049304485 0.03344443812966347 
-0.07403113692998886 -0.03228633105754852 
0.007247286848723888 -0.03872764855623245 
-0.08531973510980606 0.04032474383711815 
0.0680156946182251 -0.04890558496117592 
0.02091524936258793 0.011384834535419941 
-0.09447167813777924 0.0003300805692560971 
-0.001237222459167242 0.0048172734677791595 
-0.051423005759716034 -0.03634381294250488 
-0.014202737249433994 0.028985708951950073 
-0.02176414616405964 -0.02414814755320549 
-0.01311245933175087 -0.025627439841628075 
-0.010415442287921906 -0.02074851281940937 
-0.14775340259075165 -0.014842167496681213 
0.014849154278635979 -0.017582131549715996 
-0.1817663013935089 -0.060870714485645294 
0.10228968411684036 -0.05322560295462608 
-0.12083978950977325 -0.018329573795199394 
0.04705575108528137 0.024584446102380753 
-0.10772620886564255 -0.050138626247644424 
0.017757106572389603 0.029788557440042496 
-0.08297127485275269 -0.03593432158231735 
-0.0620444156229496 -0.02079589106142521 
-0.09634414315223694 -0.028978941962122917 
-0.012981276959180832 -0.07424041628837585 
0.12001388520002365 -0.04453669488430023 
-0.031560018658638 -0.0306389220058918 
-0.0282758679240942 -0.015133903361856937 
-0.01933417282998562 -0.05007342994213104 
0.006032726727426052 0.020736370235681534 
0.06588508933782578 0.046521954238414764 
0.006172380410134792 0.05322283133864403 
0.018672391772270203 0.020458055660128593 
0.019310688599944115 0.059696950018405914 
0.039296120405197144 0.04617438092827797 
0.01520239282399416 0.05684877932071686 
-0.08988501131534576 -0.05330391228199005 
-0.04747225344181061 -0.031135886907577515 
-0.19182759523391724 0.017605010420084 
-0.19273558259010315 0.04339665174484253 
0.097745381295681 0.0455598421394825 
-0.01653149537742138 -0.007772467099130154 
0.053234923630952835 0.07769805192947388 
0.013356711715459824 0.05929269269108772 
0.004319380037486553 -0.06147587671875954 
0.02137588895857334 -0.0670187920331955 
0.04985363036394119 -0.018345192074775696 
0.0013048755936324596 -0.0203024260699749 
0.005224116612225771 0.011245273053646088 
-0.006376748904585838 0.02450227364897728 
-0.0076971761882305145 -0.015917688608169556 
-0.015719838440418243 -0.032762300223112106 
-0.009804336354136467 -0.0399014875292778 
-0.0022685558069497347 0.018108295276761055 
-1.8687715055420995e-05 0.025482425466179848 
0.023383494466543198 0.027730677276849747 
0.0022688640747219324 0.05259544029831886 
-0.0023899846710264683 -0.10580245405435562 
-0.04973546415567398 -0.015908777713775635 
-0.03990189731121063 -0.03037002682685852 
0.004023837856948376 0.07364965975284576 
0.004741990007460117 0.10184898227453232 
0.04092562571167946 0.06420331448316574 
0.02143523097038269 0.040911659598350525 
-0.015046549960970879 -0.024193616583943367 
0.00722334161400795 0.011508312076330185 
-0.026134038344025612 -0.05385597422719002 
-0.1522098183631897 0.025309409946203232 
-0.1554412692785263 0.0068310643546283245 
-0.06998831778764725 -0.035284146666526794 
-0.1762612760066986 0.033786434680223465 
-0.0006062966422177851 0.01717444695532322 
0.0397818349301815 -0.01614261232316494 
-0.016613993793725967 0.043537259101867676 
0.0765795111656189 0.061623465269804 
-0.022699540480971336 0.040923021733760834 
-0.019067896530032158 0.05245644599199295 
-0.21021553874015808 0.03488694876432419 
-0.10678429156541824 -0.03650711476802826 
0.0073990547098219395 -0.058446187525987625 
0.03122996911406517 0.08934581279754639 
0.04259265586733818 -0.05162687227129936 
0.08372344821691513 -0.01501427497714758 
-0.20910924673080444 -0.00699019618332386 
-0.14955274760723114 -0.05679994449019432 
-0.16294415295124054 -0.05487525463104248 
-0.16838759183883667 -0.030024930834770203 
-0.122657410800457 -0.08084051311016083 
-0.05737799033522606 -0.08236027508974075 
-0.061376187950372696 0.004504131153225899 
0.03209191560745239 -0.00942631158977747 
0.06691630184650421 -0.050924092531204224 
0.04858033359050751 -0.028730075806379318 
-0.04778685048222542 -0.06856154650449753 
-0.04722204431891441 -0.04677481949329376 
-0.022540805861353874 -0.038536787033081055 
0.08536342531442642 -0.05487765371799469 
-0.02025000937283039 -0.09018074721097946 
-0.04465118423104286 -0.08685152977705002 
0.04525861516594887 0.07936612516641617 
0.005937631707638502 -0.012072115205228329 
0.049521904438734055 -0.02292644791305065 
-0.002938935300335288 -0.03458820655941963 
0.029010780155658722 0.015959227457642555 
0.02484704740345478 0.05543617531657219 
0.08443967252969742 0.02342105470597744 
0.09987618029117584 -0.08598867803812027 
0.04863884672522545 -0.027399767190217972 
0.03379108011722565 -0.050361987203359604 
0.024259908124804497 -0.031216541305184364 
0.026873039081692696 -0.017589079216122627 
0.020042041316628456 -0.052616655826568604 
0.03279407322406769 0.0321042537689209 
0.055088333785533905 0.03882812336087227 
0.04229569807648659 -0.04634038358926773 
-0.01740708202123642 -0.08728630095720291 
0.010427062399685383 -0.07228986918926239 
0.06620419770479202 0.04705269634723663 
0.01168402936309576 -0.04119442030787468 
-0.02311355248093605 -0.08071594685316086 
-0.0445723757147789 0.0037098736502230167 
-0.06346224993467331 -0.04597800597548485 
0.13967230916023254 0.03057539463043213 
0.09076894074678421 0.06265855580568314 
0.15268553793430328 0.040208764374256134 
-0.11985563486814499 0.042245157063007355 
-0.1355653703212738 0.038513753563165665 
-0.009672455489635468 0.015748728066682816 
-0.06556838750839233 0.010625104419887066 
0.013071862980723381 -0.047072988003492355 
0.008463595062494278 -0.01404549740254879 
0.03492281213402748 0.002575865015387535 
-0.17681096494197845 0.07897656410932541 
-0.1988767385482788 0.0329730249941349 
-0.030586006119847298 0.03941180557012558 
-0.01594053953886032 0.026025425642728806 
0.00888004619628191 0.02448100410401821 
-0.05700474604964256 0.00029839391936548054 
-0.05524767190217972 -0.04612566903233528 
-0.038991257548332214 0.008687115274369717 
-0.06429915875196457 -0.045794371515512466 
-0.014032724313437939 -0.08292538672685623 
-0.13418209552764893 0.022602537646889687 
0.009453119710087776 -0.010480848141014576 
0.044444967061281204 -0.02692272886633873 
0.03415588662028313 0.019645916298031807 
0.0436648465692997 -0.03845185786485672 
0.04506600648164749 -0.05570286512374878 
0.046030011028051376 -0.011461789719760418 
-0.006042168475687504 -0.06982521712779999 
0.03274913877248764 -0.06084521487355232 
0.025414172559976578 -0.07854995131492615 
0.002906116656959057 -0.05875108391046524 
0.025075502693653107 0.0742386132478714 
0.015525290742516518 0.07328285276889801 
-0.05685121938586235 0.02571745589375496 
-0.05165209621191025 0.008606664836406708 
0.011754892766475677 0.12924030423164368 
-0.0536409430205822 0.08013290166854858 
0.06270351260900497 -0.09337852150201797 
-0.005673223175108433 -0.08695273101329803 
0.03320701792836189 0.05364670231938362 
0.12212203443050385 0.019458984956145287 
0.15615341067314148 -0.01762467436492443 
0.11239895224571228 0.029931947588920593 
-0.15106013417243958 0.036242708563804626 
-0.18392154574394226 0.04090142995119095 
-0.0633498802781105 0.07380908727645874 
0.03578154742717743 0.07329048216342926 
-0.07469090819358826 0.04033168405294418 
0.06636801362037659 -0.042694561183452606 
0.09876091033220291 -0.08035705983638763 
0.04668429121375084 -0.03825642541050911 
0.001891670748591423 -0.03725096583366394 
-0.06876073032617569 -0.01939314231276512 
-0.04187657684087753 0.0316096767783165 
0.0025282208807766438 -0.014549235813319683 
0.014788925647735596 -0.028169728815555573 
-0.003944918978959322 -0.037064000964164734 
-0.05838734656572342 -0.033327214419841766 
-0.04332321882247925 0.017471205443143845 
-0.002527001313865185 0.06196055933833122 
-0.15230904519557953 -0.056583572179079056 
-0.15017279982566833 0.004722221754491329 
-0.08008580654859543 -0.0033113863319158554 
-0.09286098927259445 -0.05398113653063774 
0.031490907073020935 -0.0719667375087738 
-0.12020751088857651 -0.056721970438957214 
-0.12933087348937988 -0.05089758336544037 
-0.1182057112455368 -0.0710497573018074 
0.007426868658512831 0.048230014741420746 
0.014527036808431149 -0.01801048032939434 
0.04592340812087059 0.07000865042209625 
0.057067833840847015 -0.001777829835191369 
-0.04757925495505333 0.06395174562931061 
-0.1041056364774704 -0.07821310311555862 
0.10027570277452469 0.08102846890687943 
-0.15069730579853058 -0.01740103028714657 
0.025600632652640343 0.03589073568582535 
0.01987399533390999 0.019364332780241966 
0.0012119486927986145 0.007112812716513872 
-0.04028172791004181 -0.03783667832612991 
-0.07352342456579208 0.06397400051355362 
-0.025067918002605438 0.08682496100664139 
0.021765943616628647 0.004393359180539846 
-0.11158857494592667 -0.02886110544204712 
0.03687138110399246 0.02277587354183197 
-0.0005414857296273112 0.024146510288119316 
-0.022617282345891 -0.10527215898036957 
0.03192361071705818 -0.0883273109793663 
0.024410204961895943 -0.004178050439804792 
-0.21661533415317535 0.02439945377409458 
-0.21102094650268555 0.05027277022600174 
-0.05660592392086983 0.03336111456155777 
-0.23118360340595245 0.057950232177972794 
0.018702413886785507 -0.008305497467517853 
0.005378521513193846 8.902069384930655e-05 
0.03037009760737419 0.08955944329500198 
0.04774530231952667 -0.020230676978826523 
0.013734380714595318 -0.06779307126998901 
-0.015889693051576614 -0.08821821957826614 
-0.016612879931926727 -0.0722111389040947 
-0.010079844854772091 0.04954160377383232 
0.0017253595869988203 0.041075028479099274 
0.0119023397564888 -0.022525306791067123 
0.01208035834133625 -0.033320505172014236 
0.09460842609405518 -0.060582272708415985 
0.09739969670772552 -0.027724498882889748 
0.05671311542391777 0.015725230798125267 
-0.10223966836929321 -0.036364294588565826 
-0.14912451803684235 -0.041955843567848206 
-0.1815725862979889 0.06695068627595901 
-0.0013564927503466606 -0.032530296593904495 
-0.25512218475341797 0.09460993856191635 
-0.1938735693693161 0.032928645610809326 
0.006448677275329828 -0.06757810711860657 
-0.0412021279335022 0.027346912771463394 
0.04454896226525307 -0.03491295129060745 
-0.11037565022706985 -0.05892124027013779 
-0.05715968832373619 -0.04260080307722092 
-0.18755337595939636 -0.08731633424758911 
-0.19707606732845306 -0.06021975725889206 
-0.03698556870222092 0.07445278763771057 
0.012270262464880943 0.030979247763752937 
-0.01194791216403246 0.1010524332523346 
-0.04808204248547554 0.0860971137881279 
0.0010251353960484266 0.09573885798454285 
-0.02080618403851986 0.06512393057346344 
0.03894362971186638 0.07433471828699112 
-0.012512397021055222 0.11199858039617538 
-0.014405377209186554 0.0885699987411499 
0.0009982065530493855 0.045720454305410385 
-0.040656350553035736 0.04454568400979042 
-0.0032314835116267204 0.044839490205049515 
0.007328951731324196 0.035144779831171036 
-0.03060927987098694 0.10543382167816162 
-0.0120408209040761 0.10994872450828552 
-0.008319538086652756 0.1474180817604065 
-0.003855152288451791 0.05548978969454765 
0.08593448996543884 0.07033497095108032 
0.08976908028125763 0.0776057094335556 
0.025127584114670753 0.08364010602235794 
0.06110825017094612 0.02045300416648388 
0.001191639807075262 0.05362987145781517 
0.07660827785730362 0.031951356679201126 
0.05144965648651123 0.13675813376903534 
0.08826552331447601 0.050646133720874786 
-0.020058024674654007 0.06847717612981796 
-0.018500834703445435 0.03875698894262314 
0.004388976842164993 0.021722376346588135 
-0.0053145005367696285 -0.015339123085141182 
-0.049393851310014725 0.056976329535245895 
0.01273616123944521 0.06237780302762985 
0.029766013845801353 0.05400393158197403 
0.031890347599983215 0.0185856930911541 
0.003810974070802331 0.05329661816358566 
0.011839608661830425 -0.0059403106570243835 
-0.00032472118618898094 0.01675545424222946 
0.042050931602716446 0.058688946068286896 
-0.03066878393292427 0.029035979881882668 
-0.04494500905275345 0.03296952694654465 
0.02886931784451008 0.0394766703248024 
-0.09896937012672424 0.05039749667048454 
-0.02737983502447605 0.0394248440861702 
-0.05103155970573425 0.10726577788591385 
-0.03979814425110817 0.06123685464262962 
-0.04024883732199669 0.07689355313777924 
-0.019261013716459274 0.11107528209686279 
-0.014352027326822281 0.07136861234903336 
-0.02601066790521145 0.04666007310152054 
-0.02234826236963272 0.024434585124254227 
0.008477702736854553 0.04679436609148979 
0.008270998485386372 0.007933019660413265 
-0.024933205917477608 -0.015906454995274544 
-0.014340965077280998 -0.003555779345333576 
0.0026925343554466963 0.05327310040593147 
-0.04876483976840973 0.024133725091814995 
-0.016744740307331085 -0.0026906058192253113 
0.031074142083525658 0.04942912608385086 
0.03495541960000992 0.04825844615697861 
0.05096026510000229 0.09564173966646194 
0.07517950981855392 0.07049042731523514 
0.07118548452854156 0.08580703288316727 
0.07124282419681549 0.014863846823573112 
0.06324537843465805 0.04598923400044441 
0.02635042555630207 0.014357488602399826 
-0.009606616571545601 0.02993343397974968 
0.039199378341436386 0.006302108056843281 
0.047325748950242996 0.002981475554406643 
0.055517762899398804 0.10385415703058243 
0.07584228366613388 -0.045794740319252014 
0.05964256078004837 0.03864726051688194 
0.04766734689474106 0.015064193867146969 
0.027660183608531952 -0.006811866536736488 
0.06626170873641968 -0.026463069021701813 
0.02943744882941246 0.030876442790031433 
0.05764966085553169 -0.004526315722614527 
0.050342857837677 0.04705384746193886 
0.002170618623495102 0.03592080995440483 
0.05464363470673561 0.023652080446481705 
0.08741535991430283 0.017388662323355675 
0.0124609200283885 0.06283341348171234 
0.03829553723335266 0.1113278791308403 
0.01771571859717369 -0.030872223898768425 
0.03464224934577942 0.0782996267080307 
0.028203915804624557 -0.05615799501538277 
0.09958986192941666 -0.06866432726383209 
0.04407954961061478 -0.0699007585644722 
0.06215895339846611 -0.08212573826313019 
0.09085500985383987 -0.0912209153175354 
0.067745640873909 -0.08741026371717453 
0.05747970566153526 -0.040524184703826904 
0.08695463836193085 0.030837565660476685 
0.09862053394317627 -0.01537774782627821 
0.049391474574804306 -0.03492446616292 
0.014296377077698708 -0.02864512801170349 
0.07810485363006592 -0.012025738134980202 
0.03876428306102753 0.017745329067111015 
0.08488330990076065 -0.042064640671014786 
0.06462172418832779 -0.016375849023461342 
0.05857492983341217 0.00836025457829237 
0.049472685903310776 0.04181087017059326 
0.041551943868398666 -0.07939299196004868 
0.02755637653172016 -0.007456616032868624 
0.0558137372136116 -0.0284867063164711 
-0.03451066464185715 -0.022852744907140732 
-0.025812285020947456 -0.07966329902410507 
-0.028295643627643585 -0.07363712787628174 
-0.015982750803232193 -0.03238223120570183 
-0.007769754156470299 -0.06960861384868622 
0.05013463646173477 -0.07013680040836334 
0.016790268942713737 -0.07676014304161072 
-0.0030352468602359295 -0.06208433210849762 
0.0025276278611272573 -0.08263522386550903 
-0.029069943353533745 -0.05133242532610893 
0.03793002665042877 -0.06006186828017235 
0.021407609805464745 -0.03498544171452522 
